     1	0 249800 0.168959 0.831041 4.995789 5.023540 1.005563 50002.114149
     2	1 249973 0.169474 0.830526 4.999399 4.886461 0.977413 50000.613787
     3	0 250211 0.166863 0.833137 5.004178 4.918782 0.982938 50000.414815
     4	0 250370 0.164425 0.835575 5.007341 5.232280 1.044925 50000.591021
     5	1 249433 0.166377 0.833623 4.988656 4.899450 0.982118 50000.036995
     6	0 249988 0.165372 0.834628 4.999758 5.053140 1.010678 50000.019866
     7	0 250839 0.164687 0.835313 5.016752 5.072874 1.011188 50000.279220
     8	1 249593 0.169708 0.830292 4.991812 4.896799 0.980968 50000.479055
     9	0 249374 0.167163 0.832837 4.987480 4.791046 0.960615 49999.996466
    10	0 249795 0.167862 0.832138 4.995805 4.962419 0.993322 50000.948631
    11	0 499178 0.165570 0.834430 4.991709 5.026461 1.006965 100001.417924
    12	1 499839 0.168514 0.831486 4.998327 5.033375 1.007015 100001.264811
    13	0 499248 0.168209 0.831791 4.992293 4.979671 0.997481 100003.747045
    14	0 499852 0.165037 0.834963 4.998493 5.052520 1.010810 100000.544162
    15	1 500732 0.164653 0.835347 5.007291 5.062989 1.011125 100000.571184
    16	0 500414 0.166422 0.833578 5.004132 4.978809 0.994941 100000.152626
    17	0 500378 0.165709 0.834291 5.003680 5.019730 1.003212 100002.002758
    18	1 499743 0.167740 0.832260 4.997267 4.907082 0.981960 100003.261362
    19	0 500280 0.165239 0.834761 5.002720 5.068759 1.013204 100001.607009
    20	0 499025 0.166853 0.833147 4.990203 4.962457 0.994442 100000.946158
    21	1 748115 0.168871 0.831129 4.987406 4.955532 0.993611 150000.812914
    22	0 749789 0.167723 0.832277 4.998586 4.959225 0.992126 150000.219522
    23	0 749196 0.168631 0.831369 4.994542 4.937286 0.988540 150002.952751
    24	1 751019 0.164142 0.835858 5.006745 5.008179 1.000289 150001.444344
    25	0 750414 0.166587 0.833413 5.002757 5.059350 1.011313 150000.090208
    26	0 751671 0.166965 0.833035 5.011064 4.970381 0.991884 150002.262436
    27	1 749958 0.165656 0.834344 4.999691 5.128878 1.025840 150000.858150
    28	0 750470 0.164520 0.835480 5.003127 5.049487 1.009267 150000.190256
    29	1 749683 0.165159 0.834841 4.997829 5.113579 1.023163 150001.724922
    30	0 750910 0.165313 0.834687 5.006053 5.103295 1.019426 150000.421549
    31	1 999394 0.167418 0.832582 4.996958 5.022567 1.005125 200000.472316
    32	0 999366 0.167733 0.832267 4.996818 4.973014 0.995237 200000.465902
    33	0 1001519 0.166798 0.833202 5.007598 4.943432 0.987186 199999.898629
    34	1 999977 0.167887 0.832113 4.999870 4.993791 0.998785 200000.581840
    35	0 1000616 0.164725 0.835275 5.003034 5.133769 1.026133 200001.833758
    36	1 1000687 0.166905 0.833095 5.003406 5.032776 1.005871 200001.159384
    37	0 998386 0.169274 0.830726 4.991912 4.940250 0.989652 200000.718487
    38	1 1000677 0.165902 0.834098 5.003336 4.987755 0.996888 200001.968414
    39	0 1000035 0.167209 0.832791 5.000167 4.965081 0.992983 200000.300256
    40	1 999592 0.166499 0.833501 4.997951 5.005018 1.001415 200000.379997
    41	0 1249302 0.166791 0.833209 4.997182 4.995696 0.999704 250001.322777
    42	1 1250603 0.167270 0.832730 5.002389 4.991817 0.997887 250001.132192
    43	0 1247249 0.168027 0.831973 4.988975 4.962298 0.994654 250001.053508
    44	1 1251138 0.166789 0.833211 5.004536 4.989934 0.997083 250000.782072
    45	0 1248971 0.165398 0.834602 4.995883 5.106908 1.022223 250000.027697
    46	1 1251387 0.165889 0.834111 5.005534 5.002766 0.999448 250000.700656
    47	0 1248375 0.167191 0.832809 4.993482 5.002874 1.001882 250000.900159
    48	1 1249424 0.167119 0.832881 4.997695 4.942365 0.988929 250000.045931
    49	0 1247964 0.168857 0.831143 4.991844 4.933040 0.988221 250000.578590
    50	0 1252416 0.163750 0.836250 5.009655 5.167690 1.031546 250000.441973
    51	1 1499420 0.166389 0.833611 4.998038 4.966006 0.993593 300001.732466
    52	1 1500026 0.166617 0.833383 5.000083 4.999376 0.999859 300000.239605
    53	0 1499143 0.166841 0.833159 4.997141 4.946127 0.989792 300000.164111
    54	1 1500526 0.167059 0.832941 5.001738 4.967660 0.993188 300000.922632
    55	0 1497803 0.168254 0.831746 4.992641 4.957504 0.992964 300002.158778
    56	1 1500104 0.168208 0.831792 5.000332 4.949272 0.989790 300000.889729
    57	0 1501019 0.166174 0.833826 5.003344 4.950528 0.989446 300003.130642
    58	1 1498982 0.166537 0.833463 4.996606 5.072488 1.015187 300000.010301
    59	1 1500767 0.167893 0.832107 5.002525 4.938593 0.987221 300001.924147
    60	0 1500179 0.167555 0.832445 5.000585 4.934652 0.986815 300000.724157
    61	1 1749742 0.166715 0.833285 4.999256 4.978000 0.995748 350000.468967
    62	1 1749730 0.167225 0.832775 4.999211 5.002480 1.000655 350001.226883
    63	0 1750410 0.165811 0.834189 5.001158 5.062752 1.012317 350000.970486
    64	1 1750108 0.167274 0.832726 5.000287 5.013400 1.002623 350001.525363
    65	0 1748184 0.168734 0.831266 4.994810 4.962476 0.993527 350000.084988
    66	1 1749908 0.166944 0.833056 4.999736 4.989996 0.998052 350000.113426
    67	0 1751670 0.166461 0.833539 5.004773 5.048369 1.008711 349999.900736
    68	1 1748430 0.167053 0.832947 4.995501 4.998541 1.000609 350000.934912
    69	1 1748935 0.166933 0.833067 4.996953 4.996632 0.999936 350000.323606
    70	0 1751971 0.165688 0.834312 5.005594 4.986532 0.996194 350002.600874
    71	1 1998545 0.166681 0.833319 4.996366 5.002311 1.001190 399999.717714
    72	1 1999181 0.166382 0.833618 4.997953 5.013105 1.003032 399999.920913
    73	0 2001520 0.166497 0.833503 5.003792 5.033180 1.005874 400000.675099
    74	1 2000687 0.166100 0.833900 5.001716 5.016243 1.002904 400000.109722
    75	1 1999736 0.167073 0.832927 4.999343 5.003334 1.000799 399999.796792
    76	0 1997497 0.166660 0.833340 4.993743 4.997139 1.000680 399999.940767
    77	1 2001042 0.165731 0.834269 5.002605 5.061445 1.011762 400000.022771
    78	1 1998940 0.166592 0.833408 4.997349 4.987621 0.998054 400000.106021
    79	0 2000552 0.167329 0.832671 5.001378 4.951940 0.990115 400000.144964
    80	1 1999802 0.166805 0.833195 4.999499 5.020602 1.004221 400000.513092
    81	1 2251067 0.165994 0.834006 5.002361 5.015721 1.002671 450000.865744
    82	1 2249565 0.167044 0.832956 4.999032 5.012866 1.002768 450000.156603
    83	0 2249907 0.166774 0.833226 4.999792 4.996095 0.999261 450000.092319
    84	1 2250702 0.165221 0.834779 5.001554 5.046715 1.009030 450000.530892
    85	1 2248669 0.167327 0.832673 4.997023 4.983407 0.997276 450001.718672
    86	1 2248023 0.168243 0.831757 4.995607 4.946652 0.990201 449999.970674
    87	0 2253536 0.165728 0.834272 5.007852 5.040437 1.006507 450000.527505
    88	1 2250446 0.166197 0.833803 5.000993 5.034012 1.006603 449999.805854
    89	1 2248618 0.167567 0.832433 4.996902 4.989464 0.998513 450002.409082
    90	0 2249613 0.167509 0.832491 4.999134 4.944247 0.989021 450000.517155
    91	1 2500796 0.165759 0.834241 5.001589 5.038305 1.007341 500000.340205
    92	1 2501035 0.165501 0.834499 5.002067 5.023783 1.004342 500000.322473
    93	0 2497605 0.167617 0.832383 4.995204 4.964844 0.993923 500000.642197
    94	1 2499694 0.166541 0.833459 4.999369 4.980455 0.996218 500001.942779
    95	1 2501477 0.165487 0.834513 5.002944 5.065414 1.012487 500001.017415
    96	1 2500270 0.166285 0.833715 5.000519 5.001159 1.000129 500002.125305
    97	0 2500366 0.166406 0.833594 5.000708 5.022139 1.004287 500002.369252
    98	1 2498757 0.167661 0.832339 4.997513 4.945943 0.989681 500000.059506
    99	1 2500970 0.164977 0.835023 5.001928 5.000450 0.999705 500001.188745
   100	1 2497651 0.167529 0.832471 4.995293 4.964833 0.993903 500000.879733
   101	1 2749595 0.166619 0.833381 4.999251 5.009837 1.002118 550001.364435
   102	0 2752927 0.166031 0.833969 5.005310 5.036317 1.006195 550001.346044
   103	1 2749911 0.166878 0.833122 4.999837 5.025971 1.005227 550000.143391
   104	1 2748558 0.167705 0.832295 4.997378 4.973329 0.995188 550000.009118
   105	1 2749714 0.166395 0.833605 4.999463 5.022956 1.004700 550001.820689
   106	1 2749917 0.166321 0.833679 4.999846 5.022480 1.004527 550000.294723
   107	1 2752304 0.166400 0.833600 5.004188 4.993064 0.997777 550000.129821
   108	1 2748860 0.166801 0.833199 4.997931 4.975565 0.995525 549999.607355
   109	1 2747587 0.167169 0.832831 4.995596 4.983737 0.997627 550001.819087
   110	0 2748464 0.168094 0.831906 4.997207 4.979072 0.996371 550000.014226
   111	1 3003292 0.165609 0.834391 5.005469 5.034147 1.005730 600002.169555
   112	1 3000956 0.166284 0.833716 5.001592 4.999072 0.999496 600000.201892
   113	1 3001368 0.166849 0.833151 5.002279 4.996497 0.998844 600000.125084
   114	1 2999746 0.167215 0.832785 4.999575 5.014197 1.002925 600000.193015
   115	1 3000736 0.166930 0.833070 5.001213 4.991721 0.998102 600001.580665
   116	0 2999702 0.165875 0.834125 4.999508 5.006220 1.001343 599999.443446
   117	1 2998159 0.166107 0.833893 4.996928 4.960083 0.992627 600000.443412
   118	1 2998893 0.167433 0.832567 4.998152 5.029775 1.006327 600000.314890
   119	1 3001434 0.165771 0.834229 5.002383 5.034740 1.006469 600000.874717
   120	1 3000300 0.166826 0.833174 5.000501 4.976880 0.995276 599999.901930
   121	1 3252282 0.166033 0.833967 5.003508 5.028131 1.004921 650000.388651
   122	1 3247671 0.167474 0.832526 4.996417 4.941246 0.988958 649999.935433
   123	1 3249791 0.166732 0.833268 4.999677 5.002136 1.000492 650000.211315
   124	1 3250109 0.167049 0.832951 5.000159 5.009088 1.001786 650001.164045
   125	1 3249832 0.167156 0.832844 4.999720 4.961937 0.992444 650002.824934
   126	1 3249697 0.166979 0.833021 4.999526 4.983098 0.996714 650001.041297
   127	1 3250850 0.166346 0.833654 5.001311 5.008682 1.001474 649999.621155
   128	1 3249119 0.167005 0.832995 4.998622 4.980382 0.996352 650002.993123
   129	0 3251773 0.167176 0.832824 5.002701 4.979425 0.995348 650003.445322
   130	1 3250075 0.167005 0.832995 5.000116 5.010253 1.002027 649999.964029
   131	1 3501422 0.166619 0.833381 5.002025 4.996164 0.998829 700000.951950
   132	1 3495742 0.166659 0.833341 4.993915 5.005165 1.002253 700000.316728
   133	1 3500764 0.166841 0.833159 5.001092 5.002636 1.000309 699999.850231
   134	1 3503016 0.165508 0.834492 5.004311 5.048537 1.008838 699999.685298
   135	1 3499800 0.166217 0.833783 4.999708 5.012752 1.002609 700000.924042
   136	1 3498005 0.166676 0.833324 4.997143 5.010667 1.002707 700000.942850
   137	1 3498968 0.166284 0.833716 4.998525 4.995667 0.999428 700000.168639
   138	1 3501359 0.166327 0.833673 5.001945 5.019521 1.003514 699999.528212
   139	1 3500925 0.166197 0.833803 5.001306 5.024430 1.004624 700002.093196
   140	1 3501728 0.166017 0.833983 5.002469 4.980961 0.995701 699999.938667
   141	1 3750825 0.166584 0.833416 5.001094 5.013886 1.002558 750000.951943
   142	1 3751134 0.166077 0.833923 5.001511 5.001205 0.999939 750000.141030
   143	1 3748808 0.166530 0.833470 4.998410 4.958687 0.992053 750000.061610
   144	1 3751036 0.167264 0.832736 5.001377 4.962522 0.992231 750000.605485
   145	1 3751618 0.166311 0.833689 5.002156 5.040845 1.007734 750000.127948
   146	1 3749800 0.167248 0.832752 4.999732 4.980157 0.996085 750000.226466
   147	1 3748935 0.167098 0.832902 4.998579 4.974491 0.995181 750000.169427
   148	1 3755140 0.166167 0.833833 5.006840 5.018858 1.002401 750001.950283
   149	1 3751004 0.166046 0.833954 5.001336 5.022260 1.004184 750000.368959
   150	1 3747422 0.166793 0.833207 4.996564 4.994374 0.999562 749999.818706
   151	1 4002402 0.166135 0.833865 5.002996 5.000310 0.999463 800001.062034
   152	1 3998299 0.166590 0.833410 4.997877 5.037327 1.007893 799999.542092
   153	1 4000941 0.166504 0.833496 5.001175 4.994456 0.998657 800000.258719
   154	1 3998446 0.167361 0.832639 4.998052 5.008271 1.002045 800000.861420
   155	1 4000556 0.166351 0.833649 5.000685 5.001030 1.000069 800001.545600
   156	1 4000406 0.166909 0.833091 5.000505 5.011778 1.002255 800000.467873
   157	1 4000229 0.166965 0.833035 5.000279 4.983691 0.996683 800001.177549
   158	1 3998396 0.167513 0.832487 4.997967 4.995828 0.999573 800004.556720
   159	1 4000596 0.166286 0.833714 5.000743 5.031771 1.006205 800000.269118
   160	1 3999468 0.166798 0.833202 4.999335 5.010063 1.002146 800000.043126
   161	2 4250923 0.166631 0.833369 5.001079 5.005083 1.000801 850001.152498
   162	1 4249198 0.166368 0.833632 4.999042 5.011990 1.002591 850002.506243
   163	1 4252873 0.166598 0.833402 5.003358 4.977044 0.994742 850003.761582
   164	1 4244463 0.167611 0.832389 4.993484 4.967366 0.994770 850000.244621
   165	1 4247671 0.167380 0.832620 4.997255 5.004488 1.001448 850000.931461
   166	1 4248982 0.166082 0.833918 4.998795 5.027477 1.005738 850001.204773
   167	1 4248692 0.166515 0.833485 4.998461 4.979134 0.996133 849999.949386
   168	1 4245734 0.168059 0.831941 4.994980 4.940761 0.989145 850000.149589
   169	1 4249540 0.166496 0.833504 4.999445 4.979538 0.996019 850002.378518
   170	2 4250315 0.166573 0.833427 5.000371 4.997350 0.999396 849999.881917
   171	1 4499385 0.166358 0.833642 4.999316 5.023695 1.004876 900000.089519
   172	1 4498113 0.167248 0.832752 4.997899 4.982970 0.997013 900000.785798
   173	1 4501833 0.166675 0.833325 5.002035 4.991102 0.997814 900000.257028
   174	1 4500610 0.166426 0.833574 5.000682 5.025831 1.005029 899999.327689
   175	1 4496056 0.167173 0.832827 4.995606 4.975490 0.995974 900002.153613
   176	1 4501995 0.165730 0.834270 5.002217 5.062735 1.012098 899999.963441
   177	1 4499205 0.165922 0.834078 4.999114 5.012575 1.002693 900000.402879
   178	2 4499261 0.167040 0.832960 4.999171 4.966425 0.993450 900001.438249
   179	1 4504172 0.165524 0.834476 5.004629 5.041049 1.007278 900001.121872
   180	1 4501280 0.166474 0.833526 5.001415 4.995353 0.998788 900001.244762
   181	1 4751679 0.166945 0.833055 5.001767 4.995471 0.998741 950000.090229
   182	1 4748317 0.166159 0.833841 4.998221 5.008463 1.002049 950001.440578
   183	1 4748232 0.167400 0.832600 4.998139 5.010729 1.002519 950000.072379
   184	1 4747397 0.167203 0.832797 4.997260 4.950822 0.990707 949999.964826
   185	2 4754075 0.166056 0.833944 5.004286 5.031952 1.005529 950000.638238
   186	1 4749797 0.166086 0.833914 4.999781 5.027728 1.005590 950001.019662
   187	1 4752007 0.166546 0.833454 5.002111 5.020268 1.003630 950000.256958
   188	1 4753199 0.166155 0.833845 5.003370 4.995748 0.998477 949999.525791
   189	1 4748955 0.167387 0.832613 4.998899 4.967700 0.993759 950000.156064
   190	1 4751915 0.166802 0.833198 5.002004 4.978102 0.995222 950002.328792
   191	2 5003944 0.166038 0.833962 5.003944 5.011894 1.001589 999999.935763
   192	1 5000192 0.166661 0.833339 5.000193 4.986754 0.997312 999999.739643
   193	1 5001730 0.166702 0.833298 5.001728 4.981444 0.995945 1000000.330071
   194	1 5003066 0.166402 0.833598 5.003050 4.992184 0.997829 1000003.127290
   195	2 4997289 0.167212 0.832788 4.997277 4.938978 0.988334 1000002.495483
   196	1 5003327 0.166392 0.833608 5.003326 4.996180 0.998572 1000000.141210
   197	1 4997546 0.166203 0.833797 4.997546 5.035230 1.007540 1000000.029082
   198	2 5000140 0.165831 0.834169 5.000136 5.031891 1.006351 1000000.774460
   199	1 4999011 0.166454 0.833546 4.999007 5.004319 1.001063 1000000.708975
   200	1 5002583 0.166504 0.833496 5.002575 5.022996 1.004083 1000001.679745
   201	1 5248222 0.167277 0.832723 4.998302 4.984974 0.997334 1050001.056104
   202	2 5247533 0.167211 0.832789 4.997649 4.976014 0.995671 1050000.334723
   203	1 5251181 0.166412 0.833588 5.001124 4.995209 0.998817 1050000.132392
   204	1 5248639 0.166326 0.833674 4.998698 4.982287 0.996717 1050001.132356
   205	2 5252759 0.164987 0.835013 5.002617 5.033429 1.006159 1050002.138573
   206	1 5250069 0.166657 0.833343 5.000065 5.007970 1.001581 1050000.077199
   207	1 5249406 0.167258 0.832742 4.999434 4.992211 0.998555 1050000.116198
   208	2 5252517 0.166252 0.833748 5.002397 5.009655 1.001451 1050000.088490
   209	1 5250023 0.166465 0.833535 5.000021 5.007894 1.001575 1050000.102193
   210	1 5247470 0.167227 0.832773 4.997589 4.977644 0.996009 1050000.414739
   211	2 5500375 0.166646 0.833354 5.000341 5.013363 1.002604 1100000.023351
   212	1 5502478 0.167041 0.832959 5.002249 4.996416 0.998834 1100000.778788
   213	1 5501879 0.166193 0.833807 5.001705 4.985993 0.996859 1100000.651457
   214	2 5497908 0.168089 0.831911 4.998063 4.947419 0.989869 1100007.828083
   215	1 5502270 0.165738 0.834262 5.002063 5.008060 1.001199 1100000.231043
   216	2 5500892 0.166350 0.833650 5.000807 5.005540 1.000947 1100000.880060
   217	1 5496528 0.167245 0.832755 4.996829 4.982067 0.997046 1100003.206887
   218	2 5499390 0.166809 0.833191 4.999440 4.977712 0.995654 1100001.221900
   219	1 5501795 0.166689 0.833311 5.001634 5.006413 1.000956 1099999.611965
   220	1 5500034 0.166651 0.833349 5.000029 5.005236 1.001041 1100000.320508
   221	2 5747029 0.166126 0.833874 4.997413 5.036400 1.007802 1150000.852013
   222	1 5747527 0.167941 0.832059 4.997852 4.943788 0.989183 1149999.552744
   223	1 5746034 0.167549 0.832451 4.996548 4.963787 0.993443 1150000.770994
   224	2 5750515 0.166659 0.833341 5.000443 4.992105 0.998333 1150001.015121
   225	1 5748520 0.166619 0.833381 4.998713 4.988991 0.998055 1150000.092859
   226	2 5745695 0.167808 0.832192 4.996250 4.964252 0.993596 1150001.531553
   227	1 5753574 0.165960 0.834040 5.003101 5.033211 1.006018 1150001.475726
   228	2 5751969 0.166872 0.833128 5.001712 5.013870 1.002431 1150000.060673
   229	1 5747430 0.167443 0.832557 4.997758 4.962259 0.992897 1150001.553452
   230	1 5748555 0.166517 0.833483 4.998744 4.988140 0.997879 1149999.978867
   231	2 5999839 0.166660 0.833340 4.999864 5.002876 1.000603 1200000.376780
   232	1 5999007 0.166952 0.833048 4.999163 4.969920 0.994151 1200002.245174
   233	2 6000380 0.167191 0.832809 5.000311 4.998145 0.999567 1200001.354114
   234	1 6001858 0.166462 0.833538 5.001547 5.010058 1.001702 1200000.274485
   235	2 6003963 0.166483 0.833517 5.003294 5.015863 1.002513 1200002.076991
   236	1 6003628 0.166170 0.833830 5.003018 5.024696 1.004333 1200001.277597
   237	1 5997535 0.167082 0.832918 4.997935 4.956414 0.991693 1200002.492632
   238	2 6001036 0.166391 0.833609 5.000860 5.002302 1.000289 1200000.846516
   239	1 6002099 0.166396 0.833604 5.001738 5.018188 1.003289 1200002.662429
   240	2 6000748 0.167085 0.832915 5.000615 4.995991 0.999076 1200001.998526
   241	1 6251120 0.166003 0.833997 5.000890 5.019046 1.003631 1250001.614266
   242	2 6253328 0.166448 0.833552 5.002660 4.994712 0.998411 1250000.542727
   243	1 6248545 0.166815 0.833185 4.998836 5.015732 1.003380 1249999.946333
   244	1 6251419 0.166363 0.833637 5.001136 4.994604 0.998694 1249999.860010
   245	2 6248603 0.166568 0.833432 4.998874 4.986545 0.997534 1250002.022235
   246	1 6247696 0.167159 0.832841 4.998153 4.988367 0.998042 1250001.060389
   247	2 6245343 0.167504 0.832496 4.996276 4.968119 0.994364 1249999.585215
   248	1 6255121 0.165630 0.834370 5.004093 5.042096 1.007594 1250000.950232
   249	2 6248583 0.167147 0.832853 4.998859 4.984184 0.997064 1250001.738824
   250	1 6251496 0.166595 0.833405 5.001196 5.010036 1.001767 1250000.118610
   251	1 6500412 0.166571 0.833429 5.000316 5.050922 1.010121 1300000.242487
   252	2 6496203 0.167614 0.832386 4.997077 4.964836 0.993548 1300000.689864
   253	1 6500996 0.166465 0.833535 5.000766 4.997570 0.999361 1300000.144062
   254	2 6497061 0.167119 0.832881 4.997736 4.979047 0.996260 1300000.731741
   255	1 6497456 0.167324 0.832676 4.998041 4.993005 0.998993 1300000.564470
   256	2 6500575 0.166337 0.833663 5.000428 5.035370 1.006988 1300003.815211
   257	1 6499401 0.166668 0.833332 4.999539 4.996050 0.999302 1299999.988251
   258	2 6494219 0.167257 0.832743 4.995553 4.977037 0.996294 1300000.144034
   259	1 6498746 0.166520 0.833480 4.999033 4.986118 0.997417 1300000.589305
   260	2 6499758 0.166820 0.833180 4.999812 4.995265 0.999091 1300000.478199
   261	1 6749096 0.166583 0.833417 4.999328 5.000952 1.000325 1350000.595132
   262	2 6752023 0.166738 0.833262 5.001498 4.988724 0.997446 1350000.158385
   263	1 6746842 0.166827 0.833173 4.997661 5.000188 1.000506 1349999.987775
   264	2 6748563 0.166233 0.833767 4.998935 5.029207 1.006056 1350000.020576
   265	2 6749462 0.167107 0.832893 4.999596 4.986422 0.997365 1350001.549988
   266	1 6750586 0.166949 0.833051 5.000433 5.008585 1.001630 1350000.378728
   267	2 6751697 0.166466 0.833534 5.001251 5.000251 0.999800 1350001.636312
   268	2 6749164 0.166272 0.833728 4.999380 5.001008 1.000326 1350000.264155
   269	1 6751619 0.166155 0.833845 5.001198 5.008309 1.001422 1350000.238056
   270	2 6747823 0.167137 0.832863 4.998386 4.999029 1.000129 1350000.399139
   271	1 7001731 0.166719 0.833281 5.001236 5.002835 1.000320 1400000.042277
   272	1 7000421 0.166623 0.833377 5.000300 5.043001 1.008540 1400000.239182
   273	2 6999585 0.167017 0.832983 4.999698 5.001252 1.000311 1400001.690256
   274	2 6999417 0.167075 0.832925 4.999577 5.008280 1.001741 1400001.946760
   275	1 7003899 0.166147 0.833853 5.002785 5.023397 1.004120 1399999.875156
   276	2 6996306 0.167387 0.832613 4.997354 4.973462 0.995219 1400002.157128
   277	2 7004633 0.165784 0.834216 5.003309 5.077966 1.014921 1400000.020726
   278	1 6996832 0.167019 0.832981 4.997735 4.952214 0.990892 1400000.740289
   279	2 7002513 0.166390 0.833610 5.001793 5.002942 1.000230 1400000.518639
   280	2 7000021 0.166547 0.833453 5.000002 5.024362 1.004873 1400003.632855
   281	1 7250100 0.166960 0.833040 5.000059 5.010859 1.002160 1450002.805739
   282	2 7247265 0.167157 0.832843 4.998114 4.981648 0.996706 1449999.977045
   283	2 7245811 0.167715 0.832285 4.997104 4.990467 0.998672 1450001.921783
   284	2 7255431 0.166123 0.833877 5.003736 5.045126 1.008272 1450002.620275
   285	2 7254096 0.166421 0.833579 5.002823 5.015958 1.002626 1450000.626248
   286	2 7254682 0.166163 0.833837 5.003224 5.026172 1.004587 1450001.359833
   287	1 7251133 0.166924 0.833076 5.000781 4.977775 0.995399 1450000.070023
   288	2 7248045 0.167504 0.832496 4.998651 4.970445 0.994357 1450000.148306
   289	1 7249837 0.166812 0.833188 4.999886 4.998867 0.999796 1450000.559630
   290	2 7248179 0.167314 0.832686 4.998740 4.966291 0.993509 1450001.237571
   291	2 7501620 0.166849 0.833151 5.001079 4.986375 0.997060 1500000.355674
   292	1 7505006 0.166372 0.833628 5.003337 5.006064 1.000545 1500000.074375
   293	2 7502775 0.166256 0.833744 5.001846 5.001371 0.999905 1500001.109425
   294	2 7500929 0.166019 0.833981 5.000619 5.006880 1.001252 1500000.169357
   295	2 7497290 0.166933 0.833067 4.998195 4.972783 0.994916 1499999.513403
   296	1 7498383 0.166714 0.833286 4.998920 5.001158 1.000448 1500000.569153
   297	2 7499011 0.167070 0.832930 4.999341 4.999606 1.000053 1499999.981140
   298	2 7500532 0.166389 0.833611 5.000352 5.010091 1.001948 1500000.842204
   299	1 7501209 0.166347 0.833653 5.000800 4.999022 0.999645 1500001.883085
   300	2 7503614 0.166933 0.833067 5.002408 5.008423 1.001202 1500000.361215
   301	2 7754909 0.165697 0.834303 5.003168 5.021373 1.003639 1549999.860528
   302	2 7751568 0.166486 0.833514 5.000999 5.019082 1.003616 1550003.892565
   303	1 7751065 0.167071 0.832929 5.000686 4.984553 0.996774 1550000.467075
   304	2 7750689 0.166729 0.833271 5.000440 4.993142 0.998541 1550001.375189
   305	2 7746564 0.167078 0.832922 4.997781 4.985394 0.997521 1550000.652565
   306	2 7743753 0.167126 0.832874 4.995969 4.983337 0.997471 1550000.128635
   307	2 7745629 0.167237 0.832763 4.997179 4.983744 0.997312 1550000.390891
   308	2 7750869 0.166426 0.833574 5.000560 5.008257 1.001539 1550000.168266
   309	1 7749424 0.166436 0.833564 4.999626 5.013046 1.002684 1550000.715714
   310	2 7747483 0.166648 0.833352 4.998374 4.991384 0.998602 1550000.544927
   311	2 8002398 0.167002 0.832998 5.001497 4.983097 0.996321 1600000.676218
   312	2 8005261 0.166033 0.833967 5.003287 5.019159 1.003172 1600000.201790
   313	2 7999314 0.166947 0.833053 4.999571 4.974897 0.995065 1599999.974355
   314	2 8006134 0.166450 0.833550 5.003833 5.012876 1.001807 1600000.265628
   315	1 8002877 0.166202 0.833798 5.001793 5.001205 0.999883 1600001.493951
   316	2 8000970 0.166425 0.833575 5.000605 5.025350 1.004949 1600000.333832
   317	2 8003944 0.165975 0.834025 5.002466 5.051474 1.009797 1599999.557581
   318	2 8002349 0.166009 0.833991 5.001468 4.996264 0.998960 1600000.095086
   319	2 7999811 0.166192 0.833808 4.999880 5.000067 1.000037 1600000.613169
   320	2 7998997 0.166987 0.833013 4.999373 5.001994 1.000524 1600000.045811
   321	2 8249061 0.166796 0.833204 4.999429 4.978347 0.995783 1650000.507843
   322	2 8245968 0.167147 0.832853 4.997550 4.980510 0.996590 1650002.040295
   323	2 8252327 0.166202 0.833798 5.001412 5.001220 0.999962 1649999.389538
   324	2 8249533 0.167020 0.832980 4.999720 4.988087 0.997673 1649999.130441
   325	2 8246744 0.167245 0.832755 4.998025 4.969086 0.994210 1650000.403504
   326	1 8247598 0.167078 0.832922 4.998541 4.983866 0.997064 1650000.906833
   327	2 8249637 0.166730 0.833270 4.999778 5.008592 1.001763 1650000.565429
   328	2 8250138 0.166734 0.833266 5.000081 5.015039 1.002992 1650000.832167
   329	2 8253408 0.166243 0.833757 5.002064 5.000899 0.999767 1650000.389832
   330	2 8254455 0.166491 0.833509 5.002699 5.001971 0.999855 1650000.261559
   331	2 8504047 0.166214 0.833786 5.002377 5.032013 1.005925 1700001.355814
   332	2 8496852 0.167129 0.832871 4.998151 4.977923 0.995953 1699999.149055
   333	2 8504050 0.166426 0.833574 5.002382 5.013174 1.002158 1700000.224214
   334	2 8495144 0.166749 0.833251 4.997142 4.985885 0.997748 1700000.680080
   335	2 8506268 0.165644 0.834356 5.003688 5.024388 1.004137 1699999.592080
   336	2 8498101 0.166940 0.833060 4.998883 5.000399 1.000303 1699999.971976
   337	2 8501400 0.167450 0.832550 5.000823 4.977090 0.995254 1700000.250782
   338	1 8501166 0.166588 0.833412 5.000683 4.975278 0.994920 1700001.063430
   339	2 8503158 0.166327 0.833673 5.001857 4.998134 0.999256 1700000.372789
   340	2 8492831 0.167464 0.832536 4.995781 4.967367 0.994313 1700000.757842
   341	2 8753375 0.166219 0.833781 5.001927 5.020059 1.003625 1750000.388648
   342	2 8752642 0.166754 0.833246 5.001511 4.986665 0.997032 1749999.686022
   343	2 8753317 0.165766 0.834234 5.001892 5.030317 1.005683 1750001.082373
   344	2 8744761 0.166777 0.833223 4.997005 4.989008 0.998400 1750000.386464
   345	2 8752857 0.166889 0.833111 5.001629 4.994765 0.998628 1750001.260001
   346	2 8749763 0.166859 0.833141 4.999859 4.992573 0.998543 1750001.820810
   347	2 8747318 0.167119 0.832881 4.998462 4.969549 0.994216 1750002.036099
   348	2 8751545 0.166445 0.833555 5.000883 5.018707 1.003564 1750000.045821
   349	2 8747995 0.167122 0.832878 4.998851 4.988123 0.997854 1750001.114761
   350	2 8750801 0.166931 0.833069 5.000448 5.010449 1.002001 1750003.567406
   351	2 9000976 0.166450 0.833550 5.000544 4.995252 0.998942 1799999.298716
   352	2 8998411 0.166739 0.833261 4.999116 5.007129 1.001603 1800000.441511
   353	2 9001469 0.166399 0.833601 5.000810 5.013409 1.002520 1800002.331348
   354	2 9005251 0.166450 0.833550 5.002909 5.019697 1.003356 1800002.879715
   355	2 8998621 0.166550 0.833450 4.999235 5.012010 1.002555 1799999.709718
   356	2 9000050 0.166771 0.833229 5.000021 4.995184 0.999033 1800002.615752
   357	3 8998440 0.166735 0.833265 4.999126 4.985829 0.997341 1800002.779622
   358	2 8999761 0.166601 0.833399 4.999864 5.002443 1.000516 1800001.221916
   359	2 8998638 0.166638 0.833362 4.999241 5.004601 1.001072 1800000.666197
   360	2 9001997 0.166171 0.833829 5.001107 5.023700 1.004518 1800000.715805
   361	2 9246176 0.167437 0.832563 4.997932 4.961495 0.992710 1850000.222754
   362	3 9253369 0.165869 0.834131 5.001821 5.025200 1.004674 1849999.961379
   363	2 9244947 0.167381 0.832619 4.997268 4.979198 0.996384 1850000.063454
   364	2 9249257 0.166668 0.833332 4.999588 4.998349 0.999753 1850003.765243
   365	2 9253785 0.166152 0.833848 5.002047 5.009052 1.001401 1849999.788375
   366	2 9245232 0.166861 0.833139 4.997424 4.988643 0.998243 1849999.358384
   367	2 9250864 0.166792 0.833208 5.000467 5.021966 1.004299 1849999.989730
   368	2 9245770 0.167233 0.832767 4.997705 4.974015 0.995260 1850003.190596
   369	2 9247469 0.166033 0.833967 4.998631 5.015088 1.003292 1850000.187772
   370	3 9245155 0.167498 0.832502 4.997378 4.964997 0.993520 1850000.995488
   371	2 9500742 0.166663 0.833337 5.000388 4.996982 0.999319 1900000.854912
   372	2 9502374 0.165836 0.834164 5.001250 5.031226 1.005994 1899999.924136
   373	2 9503887 0.166042 0.833958 5.002043 5.008963 1.001384 1900001.240164
   374	2 9494828 0.167130 0.832870 4.997278 4.968551 0.994251 1899999.785786
   375	2 9490735 0.167312 0.832688 4.995120 4.980885 0.997150 1900001.251751
   376	2 9505610 0.165369 0.834631 5.002952 5.061744 1.011751 1900000.063072
   377	2 9498608 0.166898 0.833102 4.999258 4.977823 0.995713 1900003.505532
   378	2 9500352 0.166556 0.833444 5.000182 5.004820 1.000928 1900001.162294
   379	3 9498486 0.166803 0.833197 4.999197 4.986035 0.997367 1900002.430309
   380	2 9501917 0.166505 0.833495 5.001008 5.006833 1.001165 1900000.379507
   381	2 9747800 0.166607 0.833393 4.998871 4.995485 0.999323 1950000.485142
   382	2 9748212 0.167028 0.832972 4.999083 4.994659 0.999115 1949999.909776
   383	2 9747631 0.166569 0.833431 4.998778 5.008974 1.002040 1950002.652529
   384	3 9750022 0.166352 0.833648 5.000003 5.016697 1.003339 1950003.392462
   385	2 9752864 0.166509 0.833491 5.001468 4.996004 0.998908 1950000.311326
   386	2 9752113 0.166734 0.833266 5.001081 4.990887 0.997962 1950001.005177
   387	2 9750897 0.167011 0.832989 5.000459 4.995133 0.998935 1950000.500566
   388	2 9745209 0.166456 0.833544 4.997542 5.025227 1.005540 1950000.608754
   389	3 9743777 0.167197 0.832803 4.996807 4.970619 0.994759 1950000.823985
   390	2 9753197 0.166103 0.833897 5.001639 5.030697 1.005810 1950000.383138
   391	2 10001199 0.166507 0.833493 5.000595 5.002705 1.000422 2000001.644453
   392	3 9999551 0.166767 0.833233 4.999769 4.998985 0.999843 2000002.765705
   393	2 9998362 0.166426 0.833574 4.999181 5.023819 1.004928 2000000.087190
   394	2 10004409 0.166573 0.833427 5.002204 5.008127 1.001184 2000000.087673
   395	2 9997336 0.166830 0.833170 4.998665 5.000723 1.000412 2000001.328686
   396	3 10002152 0.166655 0.833345 5.001077 5.001223 1.000029 1999999.662796
   397	2 9992301 0.167728 0.832272 4.996147 4.946620 0.990087 2000001.301727
   398	2 9998909 0.166870 0.833130 4.999454 5.002950 1.000699 2000000.083268
   399	3 9994579 0.167572 0.832428 4.997290 4.948439 0.990224 1999999.771505
   400	2 10001545 0.166366 0.833634 5.000772 4.996577 0.999161 2000000.340497
   401	2 10254756 0.166098 0.833902 5.002314 5.005179 1.000573 2050002.416787
   402	2 10252439 0.166903 0.833097 5.001190 4.971649 0.994093 2049999.751979
   403	3 10253704 0.166024 0.833976 5.001799 5.030282 1.005695 2050003.352572
   404	2 10250344 0.167071 0.832929 5.000165 4.998880 0.999743 2050000.975065
   405	2 10246092 0.167336 0.832664 4.998092 4.969590 0.994297 2050000.528161
   406	3 10249988 0.166954 0.833046 4.999993 4.987319 0.997465 2050000.463997
   407	2 10249116 0.166677 0.833323 4.999568 4.991341 0.998354 2050000.153762
   408	2 10252831 0.166447 0.833553 5.001381 5.010968 1.001917 2050000.115362
   409	3 10251509 0.166374 0.833626 5.000731 5.000827 1.000019 2050002.102258
   410	2 10245986 0.166939 0.833061 4.998042 4.989982 0.998387 2050000.036338
   411	2 10499968 0.166621 0.833379 4.999984 4.997927 0.999589 2100000.345939
   412	3 10500425 0.166508 0.833492 5.000201 4.985695 0.997099 2100000.425342
   413	2 10492581 0.166950 0.833050 4.996466 4.989413 0.998589 2100000.542233
   414	2 10501810 0.166863 0.833137 5.000859 4.988821 0.997593 2100001.035668
   415	2 10503662 0.166172 0.833828 5.001744 5.032299 1.006109 2099999.861072
   416	3 10497656 0.167432 0.832568 4.998880 4.973835 0.994990 2100001.480305
   417	2 10506772 0.165999 0.834001 5.003223 5.030106 1.005373 2100000.558527
   418	3 10501001 0.166313 0.833687 5.000478 5.022484 1.004401 2099999.584198
   419	2 10500943 0.166069 0.833931 5.000448 5.033790 1.006668 2100000.347591
   420	2 10502133 0.165684 0.834316 5.001015 5.037782 1.007352 2100000.125697
   421	3 10750546 0.166132 0.833868 5.000250 5.032746 1.006499 2150001.551646
   422	2 10757836 0.166340 0.833660 5.003643 5.021992 1.003667 2150000.711671
   423	2 10749646 0.166761 0.833239 4.999834 4.980821 0.996197 2150000.745476
   424	3 10752039 0.166450 0.833550 5.000947 5.013387 1.002488 2150000.547582
   425	2 10756116 0.166182 0.833818 5.002845 4.999891 0.999410 2149999.867352
   426	3 10753787 0.165717 0.834283 5.001759 5.002911 1.000231 2150001.193348
   427	2 10752196 0.166710 0.833290 5.001018 5.024321 1.004660 2150001.550621
   428	3 10745899 0.167656 0.832344 4.998093 4.955243 0.991427 2149999.968259
   429	2 10750354 0.166360 0.833640 5.000165 4.987798 0.997527 2149999.753402
   430	2 10753937 0.166500 0.833500 5.001831 5.027229 1.005078 2150000.217881
   431	3 10999904 0.167352 0.832648 4.999954 4.971414 0.994292 2200001.152950
   432	2 11002527 0.166823 0.833177 5.001147 4.993235 0.998418 2200000.608271
   433	3 10999076 0.166822 0.833178 4.999579 4.985321 0.997148 2200000.610214
   434	2 10997771 0.166688 0.833312 4.998987 4.993283 0.998859 2200000.123103
   435	3 11003316 0.166655 0.833345 5.001507 4.997797 0.999258 2200000.177633
   436	2 11004267 0.166310 0.833690 5.001936 4.990319 0.997678 2200001.632564
   437	3 10995840 0.167159 0.832841 4.998106 4.975608 0.995499 2200001.181966
   438	3 10998849 0.166737 0.833263 4.999468 5.004060 1.000919 2200003.896079
   439	2 10999696 0.167471 0.832529 4.999859 4.976173 0.995263 2200001.305503
   440	2 11001586 0.166844 0.833156 5.000721 4.997167 0.999289 2200000.048747
   441	3 11254726 0.166478 0.833522 5.002101 5.008939 1.001367 2249999.570287
   442	3 11249797 0.166974 0.833026 4.999910 5.001234 1.000265 2249999.741145
   443	2 11243856 0.167437 0.832563 4.997271 4.987276 0.998000 2249999.374461
   444	3 11250299 0.166588 0.833412 5.000133 5.006194 1.001212 2250000.039683
   445	2 11251644 0.166958 0.833042 5.000730 4.992770 0.998408 2250000.137522
   446	3 11249449 0.166485 0.833515 4.999754 5.008012 1.001652 2250000.446901
   447	2 11246780 0.167340 0.832660 4.998567 4.991194 0.998525 2250000.841457
   448	3 11250899 0.166728 0.833272 5.000399 5.010664 1.002053 2250000.136078
   449	2 11250382 0.166261 0.833739 5.000168 5.019780 1.003922 2250000.618375
   450	3 11251357 0.165916 0.834084 5.000602 5.035314 1.006942 2250000.496815
   451	3 11498196 0.166836 0.833164 4.999214 5.007308 1.001619 2300000.800917
   452	2 11496457 0.166589 0.833411 4.998459 4.986362 0.997580 2300000.174076
   453	3 11500215 0.166579 0.833421 5.000090 4.996925 0.999367 2300001.415785
   454	2 11500828 0.167000 0.833000 5.000358 4.984980 0.996925 2300001.116606
   455	3 11500635 0.166509 0.833491 5.000276 4.992961 0.998537 2300000.170125
   456	3 11504734 0.166233 0.833767 5.002058 5.032087 1.006003 2299999.962800
   457	2 11497657 0.166634 0.833366 4.998981 4.982944 0.996792 2300000.081550
   458	3 11505698 0.166173 0.833827 5.002477 5.035272 1.006556 2300000.008022
   459	3 11503713 0.166397 0.833603 5.001614 5.016817 1.003040 2299999.970936
   460	3 11495937 0.167067 0.832933 4.998228 5.001482 1.000651 2300002.311686
   461	2 11751614 0.166432 0.833568 5.000684 5.003204 1.000504 2350001.499046
   462	3 11751728 0.166772 0.833228 5.000735 5.002476 1.000348 2349999.964707
   463	3 11747651 0.166579 0.833421 4.999000 5.015397 1.003280 2350000.116720
   464	3 11753480 0.167201 0.832799 5.001480 4.969392 0.993584 2350000.357935
   465	3 11749146 0.166749 0.833251 4.999637 5.001537 1.000380 2349999.858309
   466	2 11751437 0.166394 0.833606 5.000604 5.015645 1.003008 2350003.666118
   467	3 11751283 0.166683 0.833317 5.000535 4.993202 0.998534 2350005.186272
   468	3 11745838 0.167004 0.832996 4.998225 4.990378 0.998430 2350001.696194
   469	3 11754229 0.166323 0.833677 5.001795 5.001865 1.000014 2350002.351832
   470	3 11754028 0.166419 0.833581 5.001711 5.003845 1.000427 2350001.397737
   471	3 12000719 0.166832 0.833168 5.000291 5.004426 1.000827 2400003.953401
   472	3 12000604 0.166921 0.833079 5.000250 4.998543 0.999659 2400000.921454
   473	2 11990727 0.167294 0.832706 4.996136 4.957322 0.992231 2399999.940853
   474	4 12003975 0.166059 0.833941 5.001655 5.010408 1.001750 2400000.472097
   475	2 12006422 0.166470 0.833530 5.002674 4.996678 0.998802 2400001.008316
   476	3 12001148 0.166421 0.833579 5.000473 5.013172 1.002540 2400002.739051
   477	4 11999868 0.166285 0.833715 4.999943 5.003384 1.000688 2400000.840905
   478	2 11994752 0.167091 0.832909 4.997811 4.993749 0.999187 2400000.987876
   479	3 12002164 0.166159 0.833841 5.000902 5.024365 1.004692 2399999.984446
   480	4 12001982 0.166770 0.833230 5.000826 4.993192 0.998473 2399999.916639
   481	3 12251167 0.166582 0.833418 5.000474 4.991590 0.998223 2450001.241584
   482	3 12248258 0.166260 0.833740 4.999288 5.004319 1.001007 2450000.622795
   483	3 12248626 0.166973 0.833027 4.999437 4.993698 0.998852 2450001.128919
   484	3 12249602 0.166731 0.833269 4.999835 5.001781 1.000389 2450001.238836
   485	3 12254400 0.165954 0.834046 5.001793 5.016216 1.002884 2450001.228518
   486	2 12248416 0.167012 0.832988 4.999352 4.968571 0.993843 2450000.599858
   487	3 12249541 0.166729 0.833271 4.999812 4.993706 0.998779 2450000.527229
   488	3 12245849 0.166947 0.833053 4.998302 4.988948 0.998129 2450001.646921
   489	3 12253696 0.166639 0.833361 5.001507 5.003713 1.000441 2450000.727912
   490	2 12248024 0.166372 0.833628 4.999189 5.001945 1.000551 2450002.090524
   491	3 12503496 0.166456 0.833544 5.001398 5.018326 1.003385 2500000.012464
   492	3 12498760 0.167082 0.832918 4.999504 4.981031 0.996305 2499999.812414
   493	3 12494843 0.167129 0.832871 4.997934 4.987111 0.997835 2500001.715949
   494	3 12503403 0.166271 0.833729 5.001361 5.007475 1.001222 2500000.220518
   495	3 12502873 0.166387 0.833613 5.001148 4.999018 0.999574 2500000.536697
   496	3 12498885 0.166841 0.833159 4.999548 5.005411 1.001173 2500003.103131
   497	3 12501245 0.166674 0.833326 5.000487 5.003070 1.000517 2500005.457333
   498	3 12495242 0.167385 0.832615 4.998097 4.977286 0.995836 2499999.702881
   499	3 12493265 0.167117 0.832883 4.997304 4.992033 0.998945 2500001.111422
   500	3 12500087 0.166579 0.833421 5.000034 5.003190 1.000631 2500000.518596
